House 1 - Tents,{,-99,-10,0,0,0,0,0,0,0,0,0,0,0,0,0,3,25,5,5,1,,,2.5,,,,,,
House 2 - Tents,{,-12,-5,0,1,0,0,0,0,0,0,0,0,0,0,0,3,25,10,7,1,,,3.5,,,,,,
House 3 - Shacks,{,-7,0,0,1,0,0,1,0,0,0,1,0,0,0,0,3,25,15,9,1,,,4.5,,,,,,
House 4 - Shacks,{,-2,4,0,1,1,0,1,0,0,0,1,0,0,0,0,3,25,20,11,1,,,5.5,,,,,,
House 5 - HoveMs,{,2,8,0,2,1,0,1,0,0,0,1,0,0,0,0,3,22,25,13,2,,,13,,,,,,
House 6 - HoveMs,{,6,12,10,2,1,0,1,0,0,0,1,0,0,0,0,3,22,30,15,2,,,15,,,,,,
House 7 -Small Casa,{,10,16,10,2,1,1,1,0,0,0,1,0,0,0,0,2,17,35,17,2,,,17,,,,,,
House 8 - Large Casa ,{,14,20,10,2,1,1,1,0,1,0,1,1,0,0,0,2,17,45,19,2,,,19,,,,,,
House 9 - Small Insulae,{,18,25,25,2,1,1,1,0,1,0,1,1,0,0,0,2,17,50,19,3,,,28.5,,,,,,
House 10 - Medium Insulae ,{,22,32,25,2,1,1,1,0,1,1,1,1,0,1,0,2,17,58,20,3,,,30,,,,,,
House 11 - Large Insulae (x4),{,29,40,25,2,1,2,1,1,1,1,1,1,1,1,0,2,12,65,84,3,,,126,,2 by 2,4,,31.5,
House 12 - Grand Insulae (x4),{,37,48,35,2,1,2,1,1,1,1,2,1,1,1,0,2,12,80,84,4,,,168,,2 by 2,4,,42.00,
House 13 - Small Villas (x4),{,45,53,35,2,2,2,1,1,1,1,2,1,1,1,1,1,8,150,40,9,,,180,,2 by 2,4,,45.00,
House 14 - Small Villas (x4),{,50,58,40,2,2,2,1,1,1,2,2,1,1,1,1,1,8,180,42,10,,,210,,2 by 2,4,,52.50
House 15 - Medium Villas (x9),{,55,63,45,2,2,3,1,1,1,2,2,1,1,1,1,1,8,400,90,11,,,495,,3 by 3,9,,55.00
House 16 - Medium Villas (x9),{,60,68,50,2,3,3,1,1,1,2,3,1,1,1,1,1,8,600,100,11,,,550,,3 by 3,9,,61.11
House 17 - Large Villas (x9),{,65,74,55,2,3,3,1,1,1,2,3,1,1,1,2,1,5,700,106,12,,,636,,3 by 3,9,,70.67
House 18 - Large Villas (x9),{,70,80,60,2,4,3,1,1,1,2,3,1,1,1,2,1,5,900,112,12,,,672,,3 by 3,9,,74.67
House 19 -  Luxuary Villas (x16),{,76,90,70,2,4,3,1,1,1,2,3,1,1,1,2,1,5,1500,190,15,,,1425,,4 by 4,16,,89.06
House 20 - Luxuary Villas (x16),{,85,100,80,2,4,3,1,1,1,2,3,1,1,1,2,1,5,1750,200,16,,,1600,,,16,,100.00
